11 0.087871 0.879043 0.105648 0.112527
7 0.565097 0.862979 0.0872036 0.171683
8 0.803946 0.88834 0.0776105 0.104518
10 0.443477 0.855827 0.0870289 0.156492
3 0.676202 0.0725712 0.0886698 0.145142
3 0.688024 0.209487 0.0691414 0.146954
9 0.346826 0.766032 0.0631605 0.100638
9 0.931511 0.752398 0.0895733 0.105654
9 0.562636 0.761626 0.0592998 0.0986046
9 0.664418 0.75988 0.0616937 0.0995156
3 0.0934112 0.172423 0.0889248 0.148952
3 0.199259 0.174118 0.0714518 0.151027
9 0.216716 0.761744 0.0731601 0.103122
3 0.446936 0.196098 0.0588581 0.147569
3 0.331556 0.169414 0.0655637 0.159561
3 0.559027 0.183761 0.0602362 0.152976
3 0.905455 0.200007 0.086321 0.15134
9 0.469723 0.73164 0.06059 0.106741
6 0.660398 0.877197 0.0799431 0.12364
2 0.816222 0.0657855 0.101182 0.131571
9 0.0680918 0.752563 0.0892885 0.10115
3 0.776819 0.201482 0.0715507 0.148055
9 0.775254 0.773131 0.0726116 0.0978949
11 0.903904 0.875047 0.0980347 0.113808
9 0.207732 0.885427 0.0909081 0.09991
3 0.340949 0.0647299 0.0701113 0.12946
2 0.440712 0.0611336 0.071701 0.122132
2 0.555878 0.0701639 0.0720985 0.139573
3 0.871101 0.0737448 0.0998079 0.147482
7 0.315434 0.887519 0.0857523 0.120738
