11 0.0723603 0.924438 0.109771 0.118837
8 0.196764 0.929292 0.0961173 0.106929
10 0.43969 0.898753 0.0879879 0.165797
8 0.820753 0.923231 0.0922847 0.131361
3 0.919991 0.193903 0.0892677 0.163004
3 0.694812 0.203238 0.0721412 0.157382
9 0.947302 0.787292 0.0945078 0.109366
9 0.783841 0.811177 0.0738656 0.103204
3 0.0800276 0.16344 0.0872033 0.161304
9 0.206215 0.80058 0.0781958 0.115251
9 0.564732 0.799066 0.0605532 0.106414
9 0.670984 0.796657 0.0658438 0.105872
4 0.680516 0.0691275 0.0846698 0.138255
3 0.445553 0.190293 0.0626266 0.157465
0 0.436418 0.054835 0.0727078 0.10967
9 0.0514819 0.787153 0.0932841 0.105914
3 0.787182 0.195593 0.0743885 0.159338
3 0.560972 0.177101 0.0643377 0.163968
3 0.18708 0.166382 0.0727468 0.162467
9 0.467959 0.766356 0.0635517 0.111961
10 0.66717 0.921157 0.0834525 0.131392
9 0.340739 0.801248 0.067019 0.106327
2 0.823928 0.063427 0.0935181 0.125899
3 0.32694 0.160755 0.0652607 0.167685
5 0.0765554 0.0532223 0.0919778 0.104343
3 0.878555 0.0623761 0.0887483 0.123356
4 0.33683 0.0624257 0.0691783 0.124851
7 0.567154 0.907239 0.0930286 0.180095
6 0.310847 0.929971 0.0868056 0.130854
9 0.310528 0.93117 0.0866729 0.128851
6 0.667857 0.920644 0.0842284 0.129466
1 0.558078 0.0660474 0.0723134 0.132095
11 0.00884506 0.703376 0.0173246 0.0383333
