3 0.691733 0.287594 0.0784903 0.135311
8 0.311246 0.652592 0.0765227 0.143996
0 0.94744 0.502688 0.10512 0.212325
9 0.182222 0.662138 0.0783022 0.107325
3 0.817285 0.0433695 0.0771763 0.0865141
6 0.0461402 0.638764 0.0922804 0.152792
9 0.171002 0.785826 0.0746524 0.0966367
3 0.811519 0.140835 0.0786544 0.145993
5 0.951689 0.0539487 0.0871589 0.107897
9 0.175937 0.547339 0.0834418 0.120961
10 0.0489995 0.374034 0.097999 0.22013
9 0.195448 0.0393681 0.0712736 0.0774609
2 0.66632 0.659382 0.0775728 0.141171
9 0.0468417 0.0508484 0.0878814 0.10104
9 0.177339 0.301911 0.0779473 0.133986
3 0.54634 0.416452 0.0671026 0.134211
2 0.93803 0.151786 0.102641 0.161626
10 0.0442565 0.508693 0.088513 0.191103
10 0.196893 0.960254 0.0720898 0.0792045
6 0.568923 0.803946 0.0796265 0.135822
9 0.180385 0.157841 0.0774596 0.15077
0 0.789482 0.790722 0.0827003 0.102537
0 0.94293 0.656501 0.114139 0.148894
5 0.77939 0.691247 0.0786136 0.0992937
6 0.327052 0.239849 0.0811686 0.188638
0 0.943204 0.88249 0.11253 0.121042
