3 0.737805 0.299603 0.04872 0.0555954
10 0.22493 0.391493 0.0852885 0.0957939
3 0.667441 0.355648 0.0515131 0.0564276
9 0.500954 0.404714 0.0500319 0.0575709
3 0.733981 0.257894 0.0462636 0.0515865
9 0.307825 0.523606 0.0569456 0.0561525
2 0.668924 0.520857 0.0585979 0.0724197
9 0.112175 0.765554 0.0110305 0.0123108
9 0.33543 0.307983 0.0470899 0.0560856
6 0.834999 0.346481 0.0711624 0.0760938
10 0.259435 0.254697 0.0544629 0.0667105
9 0.600376 0.59939 0.0615234 0.073853
9 0.311147 0.467585 0.0580038 0.0564042
2 0.819638 0.292001 0.0542582 0.060897
4 0.5644 0.232898 0.0533454 0.100988
3 0.564244 0.233962 0.0525083 0.100855
9 0.327008 0.362358 0.0492121 0.0551794
8 0.117061 0.514306 0.0126299 0.0120982
7 0.42679 0.338277 0.0525438 0.0748057
6 0.402859 0.518117 0.0614547 0.0739894
9 0.303954 0.764688 0.0112453 0.012482
