10 0.436719 0.894314 0.0944553 0.175178
8 0.837807 0.933294 0.0869409 0.115078
7 0.572123 0.903888 0.0964685 0.189299
9 0.683473 0.789986 0.0691318 0.112921
3 0.0494581 0.135298 0.0940182 0.168917
9 0.184824 0.790436 0.0828087 0.113867
3 0.950485 0.16689 0.0937256 0.167347
6 0.679597 0.91836 0.0883016 0.138905
3 0.709887 0.177018 0.0738088 0.163604
3 0.165482 0.137324 0.079031 0.167361
9 0.570808 0.789997 0.0639694 0.109125
11 0.0493437 0.922115 0.0978471 0.123317
9 0.329482 0.794357 0.0710499 0.111561
9 0.465614 0.756953 0.0675589 0.119333
3 0.439824 0.162474 0.0642941 0.161682
3 0.565394 0.148995 0.0717039 0.170756
3 0.314699 0.133057 0.0698631 0.17581
9 0.175431 0.928147 0.102867 0.112529
11 0.94668 0.915818 0.103393 0.125008
9 0.0353539 0.782667 0.0689382 0.111718
2 0.433409 0.0411594 0.0837184 0.0809094
3 0.807637 0.166084 0.0819968 0.164749
2 0.846566 0.0437757 0.101064 0.085829
9 0.964743 0.780182 0.0705132 0.117105
8 0.183342 0.0459281 0.0876354 0.0918562
9 0.804009 0.803538 0.0796617 0.109914
2 0.563197 0.0510797 0.0811074 0.102159
