11 0.0629758 0.899071 0.110467 0.115673
8 0.826479 0.901267 0.0941033 0.132495
10 0.438728 0.875812 0.0892828 0.166188
8 0.190298 0.905702 0.0993743 0.103445
3 0.928299 0.182847 0.0929764 0.161084
3 0.700254 0.191322 0.0752258 0.156699
0 0.435434 0.0515917 0.0753444 0.100502
10 0.670489 0.896554 0.0854107 0.128329
9 0.674031 0.774315 0.0659638 0.104692
9 0.789098 0.789271 0.0769907 0.10098
9 0.953125 0.766271 0.0937509 0.11132
9 0.337493 0.7799 0.0658524 0.105124
9 0.567905 0.777222 0.0622677 0.109041
3 0.0736913 0.152717 0.0845282 0.15926
3 0.182109 0.155523 0.072423 0.160633
3 0.792526 0.184157 0.0774742 0.155547
3 0.56238 0.166474 0.0661329 0.160383
5 0.0751207 0.0479346 0.0765274 0.0938524
9 0.201121 0.779076 0.0783473 0.111522
3 0.444825 0.179441 0.0635716 0.154626
9 0.468249 0.746261 0.0647586 0.109679
4 0.681566 0.0635978 0.0815481 0.127196
3 0.321691 0.150412 0.0676875 0.164629
2 0.828932 0.0581844 0.095139 0.116369
9 0.0452546 0.767047 0.0905093 0.10531
0 0.334792 0.0572063 0.0676352 0.114413
11 0.926728 0.894387 0.101792 0.117451
9 0.30716 0.908598 0.0885159 0.126862
7 0.568435 0.885065 0.093983 0.17944
4 0.333883 0.0579006 0.0687315 0.115222
3 0.0740448 0.0471492 0.0778579 0.0936392
