3 0.0709036 0.0706263 0.105641 0.139923
3 0.895145 0.0900049 0.105673 0.18001
10 0.417432 0.946644 0.125753 0.104489
9 0.28101 0.880576 0.0905871 0.142976
3 0.767835 0.0940658 0.100022 0.187505
9 0.734205 0.873388 0.0903628 0.149494
9 0.589586 0.873948 0.0825441 0.13988
3 0.422267 0.0854355 0.0830547 0.169954
9 0.456072 0.832353 0.0858818 0.15152
3 0.585408 0.0793299 0.0870857 0.15866
3 0.258699 0.0703379 0.0951061 0.139746
9 0.890638 0.893396 0.104073 0.141006
10 0.742175 0.976585 0.105343 0.0464079
8 0.960799 0.977133 0.0735954 0.0457348
