3 0.962028 0.149181 0.0759441 0.177241
8 0.158188 0.944513 0.109484 0.108143
11 0.0390936 0.936627 0.0781872 0.126214
0 0.430594 0.0304474 0.0864609 0.0608739
8 0.862321 0.934825 0.105071 0.129134
10 0.432222 0.910881 0.0994014 0.173804
0 0.697651 0.0452091 0.0861583 0.0897064
3 0.0385255 0.121159 0.0770509 0.170365
9 0.573699 0.806403 0.0672792 0.118258
3 0.14889 0.120703 0.0822909 0.176119
3 0.720555 0.1593 0.0836414 0.172809
9 0.69134 0.804 0.0730789 0.118246
9 0.320961 0.81022 0.0735526 0.118691
5 0.0387733 0.0287529 0.0765545 0.0575059
9 0.169777 0.809566 0.0874236 0.12606
10 0.687726 0.933765 0.0942755 0.129019
3 0.823778 0.151761 0.0894962 0.174531
9 0.819834 0.820183 0.0859553 0.11372
3 0.437892 0.145249 0.0689655 0.170519
9 0.46389 0.771513 0.0703107 0.121744
3 0.304701 0.114465 0.0736262 0.182586
3 0.568756 0.131971 0.0735409 0.178688
1 0.566252 0.0424964 0.0857312 0.0848989
2 0.863021 0.0390711 0.104032 0.0781422
9 0.025163 0.80038 0.0484195 0.104438
1 0.317017 0.0383605 0.0809695 0.0767209
9 0.974805 0.78766 0.0503898 0.137596
6 0.687572 0.934299 0.09303 0.12939
2 0.16977 0.0456329 0.0870249 0.0912657
9 0.287644 0.93907 0.0965959 0.119751
