11 0.0877066 0.879656 0.10549 0.112897
3 0.905277 0.199129 0.0871509 0.152766
8 0.809454 0.880252 0.088348 0.123983
8 0.206351 0.884332 0.0928222 0.0962097
10 0.442378 0.856564 0.0845798 0.156513
9 0.930617 0.751964 0.0907883 0.103421
9 0.562902 0.763542 0.0593104 0.10143
3 0.689356 0.207865 0.0724791 0.147561
3 0.777931 0.200652 0.0735548 0.151614
3 0.447936 0.195881 0.0607687 0.14785
3 0.199397 0.174609 0.0693876 0.151344
9 0.216831 0.76439 0.0743816 0.108212
9 0.664923 0.7598 0.0643727 0.100473
3 0.0962191 0.171616 0.0831188 0.149618
3 0.559945 0.183916 0.0630573 0.153328
9 0.34669 0.765474 0.0625333 0.0999756
10 0.661603 0.876286 0.0797928 0.122545
9 0.46942 0.732762 0.0603771 0.102388
0 0.439544 0.061217 0.0700361 0.122196
9 0.774024 0.774407 0.072515 0.0970894
3 0.331869 0.169255 0.0640359 0.156978
9 0.0683154 0.753338 0.0890491 0.098748
4 0.341489 0.0673702 0.0705894 0.13474
4 0.676091 0.073492 0.0891944 0.145118
2 0.815589 0.0689528 0.0971331 0.136545
5 0.0906366 0.058776 0.0912765 0.117552
3 0.87027 0.0642519 0.0894814 0.128504
7 0.565257 0.863635 0.0877789 0.173055
0 0.555253 0.0712654 0.0709073 0.141238
6 0.318243 0.887307 0.0830308 0.120252
3 0.978794 0.228374 0.0235008 0.0358749
3 0.0887425 0.0585898 0.0919359 0.11718
6 0.662057 0.87591 0.0795411 0.121928
