10 0.436261 0.894853 0.0925718 0.175327
8 0.843481 0.92062 0.0995082 0.13786
8 0.174474 0.928099 0.105094 0.109121
11 0.0496164 0.921825 0.098195 0.123462
3 0.94971 0.166278 0.0947121 0.168735
9 0.96412 0.7795 0.071759 0.120864
10 0.679061 0.919298 0.0883783 0.135817
5 0.0538639 0.0370865 0.0819575 0.0730584
9 0.803914 0.804356 0.0807664 0.107685
3 0.710694 0.175273 0.079319 0.164974
9 0.185077 0.794452 0.0841224 0.117603
3 0.0499235 0.135447 0.0918127 0.167619
9 0.683207 0.78948 0.0690081 0.112665
0 0.432049 0.0405424 0.0796125 0.0810847
3 0.808057 0.168096 0.0844437 0.163693
3 0.440683 0.162394 0.0661263 0.162965
9 0.465037 0.75755 0.0667111 0.118035
9 0.328856 0.794569 0.0705209 0.110291
9 0.570469 0.790296 0.064788 0.110977
3 0.165685 0.137644 0.0764232 0.167705
3 0.313512 0.132739 0.070434 0.174023
0 0.325287 0.0449241 0.0717548 0.0897291
9 0.0352848 0.78287 0.0688552 0.107091
3 0.566188 0.14914 0.0706901 0.169655
2 0.846577 0.049924 0.0998779 0.0974906
0 0.686124 0.0540977 0.0774542 0.108195
7 0.572236 0.904777 0.0965799 0.186773
9 0.296589 0.930041 0.0926996 0.132312
2 0.182964 0.0500208 0.0827042 0.100042
11 0.946687 0.915348 0.106626 0.122662
6 0.296995 0.928643 0.0913536 0.133197
6 0.6795 0.9181 0.087203 0.135852
1 0.562161 0.0519131 0.0771355 0.103826
