10 0.439261 0.868864 0.089672 0.161242
11 0.0711915 0.894347 0.10901 0.115714
3 0.920417 0.188833 0.0903137 0.159312
8 0.820979 0.893131 0.0913519 0.127989
8 0.195931 0.898481 0.0973512 0.0998819
9 0.947129 0.760954 0.0942505 0.105657
3 0.694907 0.196838 0.0722832 0.152705
9 0.783588 0.784541 0.0738683 0.0998987
9 0.206142 0.774559 0.077771 0.110243
4 0.68077 0.0669951 0.084983 0.13399
3 0.446394 0.184099 0.0636915 0.152692
9 0.565655 0.771135 0.0601412 0.101903
9 0.67103 0.769927 0.0658674 0.103184
9 0.340248 0.774868 0.0657164 0.101607
3 0.187949 0.161997 0.0726232 0.157922
3 0.788018 0.189895 0.0748127 0.155309
0 0.436416 0.053956 0.072783 0.107912
3 0.326984 0.156332 0.0649327 0.162223
3 0.0802234 0.159615 0.0871668 0.156507
3 0.560397 0.172742 0.0636156 0.15857
9 0.0512335 0.761076 0.0922524 0.103018
9 0.468126 0.741075 0.0638179 0.107771
6 0.667348 0.890052 0.0824416 0.126025
2 0.823649 0.0618001 0.092664 0.1236
5 0.0819267 0.0527393 0.0803978 0.103629
4 0.336808 0.0608419 0.068784 0.121684
3 0.880623 0.0579404 0.086507 0.114328
10 0.667149 0.890003 0.0828574 0.127366
7 0.567305 0.878632 0.0924078 0.178085
6 0.310059 0.900282 0.0850786 0.12289
9 0.310016 0.900803 0.0856835 0.12382
11 0.918711 0.888195 0.101411 0.115188
11 0.0088398 0.679536 0.0172764 0.038779
