11 0.0630494 0.899533 0.11062 0.116735
8 0.826467 0.90127 0.0941313 0.132534
10 0.438728 0.875812 0.0892816 0.166188
8 0.190298 0.905716 0.0993442 0.1035
3 0.928305 0.182816 0.0930416 0.16112
3 0.700251 0.191317 0.0752236 0.156699
0 0.435434 0.0515916 0.0753444 0.100502
10 0.67049 0.896553 0.0854122 0.128329
9 0.674031 0.774315 0.0659636 0.104692
9 0.789098 0.789276 0.0769941 0.100984
9 0.953122 0.766308 0.0937551 0.111395
9 0.337493 0.779901 0.0658514 0.105125
9 0.567905 0.777221 0.0622677 0.10904
3 0.0735819 0.152931 0.0847747 0.158817
3 0.18211 0.155536 0.0724206 0.1606
3 0.792575 0.184151 0.0775911 0.155557
3 0.56238 0.166474 0.0661324 0.160383
9 0.201127 0.779083 0.0783575 0.111536
3 0.444825 0.179441 0.0635713 0.154626
9 0.468249 0.746261 0.0647584 0.109679
4 0.68155 0.063602 0.0815217 0.127204
3 0.321696 0.150421 0.0676744 0.164612
2 0.828766 0.0581742 0.0948315 0.116348
9 0.045252 0.767051 0.090504 0.105314
5 0.0740218 0.0475834 0.0815334 0.0951669
0 0.33479 0.0571977 0.0676386 0.114395
11 0.926715 0.894385 0.101762 0.11754
9 0.307161 0.908601 0.0885095 0.126856
7 0.568435 0.885065 0.093983 0.17944
4 0.333882 0.0578964 0.0687344 0.115213
3 0.884568 0.0572639 0.0858139 0.114528
