10 0.419297 0.873354 0.0885026 0.21465
0 0.683438 0.0437591 0.0773749 0.0871421
8 0.803778 0.044644 0.0920027 0.0892879
6 0.299803 0.889067 0.0854044 0.168571
8 0.175468 0.925771 0.0856256 0.135506
11 0.941465 0.911421 0.0981613 0.15331
11 0.0494659 0.904036 0.0979349 0.141002
9 0.961963 0.804785 0.0760745 0.117269
6 0.667727 0.890389 0.0721567 0.190971
8 0.825099 0.90008 0.100535 0.144708
3 0.953553 0.144367 0.0791027 0.171399
0 0.306929 0.0405267 0.0726808 0.0810535
7 0.558527 0.862633 0.065828 0.244459
3 0.834402 0.161536 0.0797737 0.181184
1 0.564 0.0423632 0.0773183 0.0835926
3 0.700493 0.147431 0.0763183 0.181323
3 0.0406832 0.139906 0.0756356 0.15758
9 0.160086 0.79222 0.0803516 0.137645
9 0.701361 0.796444 0.0587731 0.0945614
3 0.206228 0.152964 0.0714993 0.172493
4 0.431343 0.0430296 0.0777867 0.0857662
9 0.298355 0.784517 0.0752229 0.126223
8 0.17215 0.0455404 0.0692678 0.0910808
9 0.802318 0.794474 0.0746302 0.124943
9 0.0341597 0.784541 0.0675483 0.133197
5 0.0516846 0.0354532 0.0741187 0.0697115
3 0.432311 0.150284 0.0636267 0.181046
3 0.311098 0.144623 0.0589869 0.175801
3 0.540222 0.135833 0.0614481 0.170741
9 0.449912 0.785015 0.049396 0.0860723
5 0.94676 0.0399229 0.0792703 0.0798457
