10 0.449751 0.816087 0.0753205 0.140693
8 0.238892 0.841252 0.0830023 0.0865839
8 0.776107 0.837768 0.0783823 0.109107
2 0.784957 0.0883066 0.0915516 0.176029
11 0.132588 0.837057 0.0906617 0.0952566
3 0.232917 0.211171 0.0635618 0.13359
4 0.552799 0.0882021 0.0692892 0.176404
9 0.556927 0.732815 0.0523462 0.0880906
3 0.860958 0.232105 0.0774575 0.132842
3 0.746479 0.233868 0.0642131 0.128613
4 0.445809 0.08136 0.0658628 0.160435
9 0.472226 0.707323 0.0540119 0.0913586
3 0.668733 0.238734 0.0631121 0.130598
3 0.453044 0.230326 0.0523889 0.131702
9 0.115882 0.724866 0.078096 0.0892235
3 0.552429 0.218337 0.0536835 0.134626
9 0.362141 0.735487 0.0543076 0.0866389
9 0.248822 0.735722 0.0659438 0.0932574
9 0.647534 0.732039 0.057975 0.0889564
3 0.349694 0.205867 0.0575141 0.138574
9 0.744473 0.743802 0.063465 0.0869049
3 0.140959 0.209108 0.0738775 0.132322
9 0.883479 0.724563 0.0817068 0.093481
7 0.558428 0.823202 0.0785364 0.154043
5 0.828683 0.0981299 0.083678 0.175654
4 0.358776 0.0874166 0.0604529 0.174833
0 0.655668 0.092381 0.0754023 0.184762
6 0.338707 0.843043 0.0721468 0.105223
3 0.130688 0.0789626 0.0887828 0.157925
5 0.131356 0.0789601 0.0861809 0.15792
2 0.239107 0.0962279 0.0835739 0.179876
11 0.86002 0.832866 0.0858807 0.0962975
6 0.643228 0.833348 0.0711275 0.109498
11 0.0682739 0.145161 0.021029 0.0301892
10 0.643354 0.833538 0.0712139 0.109956
11 0.92304 0.155545 0.0222832 0.0317901
9 0.337376 0.842952 0.0720811 0.105784
