10 0.439261 0.868864 0.0896723 0.161242
3 0.920438 0.188715 0.0903381 0.159512
8 0.82096 0.893192 0.0913181 0.128065
8 0.195967 0.898463 0.0972872 0.0998531
11 0.0720372 0.894043 0.109184 0.116782
9 0.947129 0.761001 0.0942707 0.105756
3 0.694923 0.196823 0.0723099 0.152706
9 0.783587 0.78454 0.0738692 0.0998988
9 0.206162 0.774587 0.0778086 0.110306
4 0.680725 0.0670046 0.0848858 0.134009
3 0.446394 0.184099 0.0636917 0.152692
9 0.565655 0.771135 0.0601413 0.101903
9 0.671031 0.769927 0.065868 0.103184
9 0.340248 0.77487 0.0657165 0.101611
3 0.788021 0.189901 0.0748188 0.155291
3 0.187955 0.16199 0.0725954 0.15793
0 0.436417 0.0539561 0.0727827 0.107912
3 0.326993 0.156336 0.064907 0.162209
3 0.0801345 0.159665 0.0873748 0.156347
3 0.560399 0.172737 0.0636246 0.158575
9 0.0512496 0.761087 0.0922818 0.103034
9 0.468126 0.741075 0.0638179 0.107771
6 0.667347 0.890054 0.0824408 0.126032
2 0.823601 0.0617744 0.0924854 0.123549
5 0.0768026 0.053977 0.0916344 0.105952
3 0.880252 0.0580568 0.0865826 0.114627
4 0.336805 0.0608332 0.0687903 0.121666
10 0.667149 0.890006 0.082856 0.127373
7 0.567305 0.878632 0.0924077 0.178085
6 0.31006 0.900276 0.0850835 0.122891
9 0.310017 0.900798 0.0856918 0.123825
11 0.918756 0.888026 0.101497 0.114781
11 0.00883909 0.679535 0.0172751 0.0387786
