11 0.0876215 0.879188 0.105201 0.112127
8 0.809467 0.880235 0.0883519 0.123975
3 0.905281 0.199208 0.087061 0.152551
8 0.206349 0.884311 0.0928459 0.0962341
10 0.442378 0.856565 0.0845798 0.156508
9 0.930615 0.751942 0.0907822 0.103385
9 0.562902 0.763542 0.0593104 0.10143
3 0.689346 0.207873 0.0724494 0.147556
3 0.777926 0.200632 0.0734831 0.151652
3 0.447936 0.195881 0.0607689 0.14785
3 0.199384 0.17461 0.0693899 0.15137
3 0.0962092 0.171439 0.0830818 0.149991
9 0.216803 0.764348 0.0743421 0.108111
9 0.664923 0.7598 0.0643728 0.100472
3 0.559945 0.183916 0.0630577 0.153328
9 0.346691 0.765474 0.0625352 0.0999737
10 0.661603 0.876285 0.0797928 0.122545
9 0.469421 0.732762 0.0603767 0.102388
0 0.439543 0.0612171 0.0700363 0.122196
9 0.774024 0.774408 0.0725159 0.0970915
3 0.331857 0.169257 0.0640414 0.156983
9 0.0682885 0.753277 0.089001 0.0986379
4 0.341474 0.067371 0.070629 0.134742
4 0.676076 0.0734923 0.0891457 0.145115
2 0.815639 0.0691204 0.0971129 0.136864
5 0.0923313 0.0586937 0.0877881 0.117387
3 0.870378 0.0639692 0.089019 0.127938
7 0.565257 0.863635 0.0877787 0.173055
0 0.555252 0.0712647 0.0709055 0.141237
6 0.318269 0.88733 0.0830204 0.120285
3 0.978791 0.228384 0.0234928 0.0358716
3 0.0909124 0.0588901 0.0870783 0.11778
6 0.662057 0.875911 0.0795419 0.121929
