4 0.552197 0.0986969 0.0696819 0.197394
3 0.837987 0.250095 0.0730633 0.12265
10 0.451623 0.796547 0.0694429 0.132274
8 0.255245 0.820128 0.0784029 0.0815708
3 0.73086 0.250197 0.0597065 0.123162
8 0.758315 0.815735 0.0738003 0.102296
9 0.553592 0.717617 0.0496098 0.0820261
3 0.455644 0.247068 0.0487118 0.122601
9 0.371211 0.721421 0.0523862 0.0829947
11 0.155766 0.81577 0.0852296 0.0920536
9 0.859356 0.710186 0.0741538 0.0882725
3 0.549176 0.236501 0.0529583 0.125911
3 0.249024 0.228087 0.0577557 0.127604
4 0.448933 0.092123 0.0619078 0.184246
9 0.263864 0.720807 0.0627148 0.088164
0 0.646857 0.100947 0.0736831 0.201894
3 0.656964 0.255702 0.0589982 0.118425
9 0.637571 0.717052 0.0545149 0.0839183
3 0.162054 0.22722 0.0695021 0.125635
9 0.728483 0.729109 0.058993 0.082285
3 0.359727 0.224156 0.0535099 0.131197
9 0.139692 0.710847 0.0733067 0.0848438
9 0.474146 0.693684 0.0526533 0.0887976
2 0.766389 0.11207 0.085295 0.169456
7 0.554354 0.802749 0.0740076 0.143543
9 0.347537 0.821223 0.0683403 0.100581
5 0.808031 0.124652 0.0801006 0.166725
6 0.634982 0.811274 0.0663955 0.102026
2 0.255263 0.122969 0.0781117 0.168894
11 0.837674 0.812247 0.0805576 0.0908091
3 0.153961 0.103631 0.0813659 0.154277
4 0.367364 0.0972291 0.0594385 0.194458
