10 0.436261 0.894853 0.0925718 0.175327
8 0.843485 0.92061 0.0995102 0.137838
8 0.174467 0.928097 0.105088 0.109121
11 0.0496217 0.92184 0.0981733 0.123495
3 0.949711 0.166254 0.0947349 0.168801
9 0.96412 0.779493 0.0717597 0.12087
10 0.679061 0.919298 0.0883783 0.135817
5 0.0541178 0.0361853 0.0814295 0.0723706
9 0.803914 0.804356 0.0807667 0.107684
3 0.710696 0.175271 0.0793217 0.164976
9 0.185076 0.794452 0.0841197 0.117605
3 0.0499656 0.135383 0.091737 0.167787
9 0.683207 0.78948 0.0690081 0.112665
0 0.432049 0.0405424 0.0796125 0.0810848
3 0.808069 0.168104 0.0844742 0.16369
3 0.440683 0.162394 0.0661263 0.162965
9 0.465037 0.75755 0.0667111 0.118035
9 0.328856 0.794569 0.0705209 0.11029
9 0.570469 0.790296 0.064788 0.110977
3 0.165683 0.137636 0.0764264 0.167724
3 0.313513 0.132739 0.0704333 0.174022
0 0.325287 0.0449212 0.0717546 0.0897233
9 0.0352836 0.782871 0.0688528 0.107094
3 0.566188 0.14914 0.0706901 0.169655
2 0.846994 0.0499614 0.100853 0.097564
0 0.686128 0.054098 0.077464 0.108196
7 0.572236 0.904777 0.0965799 0.186773
9 0.29659 0.93004 0.0926982 0.132311
2 0.182967 0.0498153 0.082699 0.0996306
11 0.946687 0.915384 0.106627 0.122714
6 0.296996 0.928642 0.0913522 0.133197
6 0.6795 0.9181 0.087203 0.135852
1 0.562161 0.0519131 0.0771355 0.103826
