10 0.436421 0.894761 0.092761 0.175017
8 0.843674 0.920921 0.0991125 0.137588
11 0.0495961 0.921655 0.0980198 0.123178
8 0.174504 0.928015 0.105677 0.109294
3 0.949893 0.166522 0.0950378 0.168518
3 0.710884 0.176021 0.0796687 0.165506
9 0.964288 0.779342 0.0714244 0.120509
5 0.0539724 0.0363693 0.0820481 0.071629
9 0.804253 0.804894 0.080821 0.107475
9 0.184958 0.794469 0.0843768 0.11744
3 0.0501855 0.135455 0.0913221 0.167397
9 0.683241 0.789809 0.069911 0.112242
0 0.432215 0.040713 0.0794867 0.0814261
9 0.465227 0.758276 0.0670822 0.115382
3 0.808208 0.168176 0.0847131 0.163457
3 0.441025 0.162546 0.0661821 0.162987
9 0.571024 0.792098 0.0652759 0.109911
3 0.165862 0.137861 0.076308 0.167659
9 0.328719 0.79438 0.0700954 0.110319
3 0.566354 0.148535 0.072608 0.170634
3 0.3137 0.132603 0.0701084 0.17356
9 0.035331 0.782906 0.0689562 0.106827
0 0.325512 0.0477101 0.0711737 0.0937539
0 0.686263 0.054146 0.0772853 0.108292
2 0.846469 0.0497988 0.0990074 0.0972641
6 0.679591 0.918196 0.0877068 0.136024
7 0.572252 0.90436 0.0972112 0.187903
10 0.67927 0.918722 0.0889314 0.138595
11 0.947283 0.914497 0.105435 0.122791
6 0.296958 0.928629 0.0901937 0.1345
2 0.18357 0.0544059 0.0845694 0.108812
1 0.562258 0.0523059 0.0772709 0.104612
