10 0.444739 0.842974 0.0807322 0.15139
8 0.216892 0.869731 0.0896544 0.0948193
10 0.656118 0.862678 0.0795759 0.116304
11 0.102783 0.865889 0.099489 0.108035
8 0.798484 0.865309 0.0860086 0.117464
3 0.890138 0.210379 0.0817062 0.143892
3 0.109577 0.184973 0.0807854 0.14265
3 0.448951 0.20726 0.0574438 0.141722
3 0.681264 0.216966 0.0680386 0.139706
3 0.766876 0.211222 0.0720061 0.143098
9 0.561283 0.752904 0.0582583 0.0947552
3 0.20957 0.186184 0.0664212 0.146928
9 0.763936 0.764318 0.0711201 0.0929736
9 0.659354 0.750047 0.0613775 0.0951994
9 0.0840787 0.743457 0.0855502 0.0963201
9 0.470139 0.724053 0.0569086 0.099571
3 0.33807 0.181193 0.0610893 0.150382
3 0.557934 0.195141 0.0612169 0.147923
9 0.350607 0.756309 0.0604951 0.0944165
9 0.228004 0.754894 0.0722945 0.101915
4 0.346738 0.072391 0.0687897 0.143031
9 0.914387 0.743226 0.0861886 0.0995167
2 0.803765 0.0750942 0.0932198 0.149053
7 0.563478 0.85209 0.0838434 0.166376
0 0.44153 0.068191 0.0674381 0.136259
4 0.557042 0.0769267 0.0763676 0.152303
3 0.10268 0.0649161 0.0915488 0.129026
6 0.322832 0.87338 0.0791292 0.117063
4 0.668206 0.0790951 0.0808605 0.15819
5 0.105936 0.0643792 0.0856717 0.128758
3 0.221924 0.0204638 0.0390622 0.0409276
3 0.22899 0.100468 0.0660436 0.126101
