10 0.437754 0.881431 0.0899279 0.169637
8 0.832276 0.907272 0.0954634 0.134965
8 0.184878 0.913779 0.100329 0.105589
11 0.0562754 0.906254 0.110329 0.118164
10 0.672295 0.905317 0.0851106 0.130708
3 0.935025 0.177223 0.0914264 0.163337
0 0.433825 0.0472457 0.0759037 0.0944915
9 0.334636 0.785331 0.067462 0.104703
9 0.956946 0.770133 0.0861073 0.111289
3 0.0646103 0.147896 0.0903452 0.162109
3 0.703056 0.185175 0.0756285 0.155418
9 0.195584 0.783987 0.0805304 0.114919
9 0.677368 0.779499 0.0678512 0.107801
9 0.793675 0.794582 0.0779865 0.101872
3 0.797244 0.178708 0.0798822 0.160432
9 0.568461 0.782571 0.0610908 0.110141
9 0.467002 0.749827 0.0660519 0.112429
3 0.444486 0.172913 0.0675613 0.158407
5 0.0687002 0.0433104 0.0783365 0.0854985
3 0.318372 0.145312 0.0691165 0.168651
3 0.177285 0.15029 0.0747498 0.161727
9 0.0420303 0.771241 0.0838419 0.107728
2 0.835012 0.0556567 0.0970821 0.111313
3 0.563503 0.160349 0.0687386 0.165933
4 0.683128 0.0607945 0.0827043 0.121404
0 0.330451 0.0507936 0.0707533 0.0996078
7 0.569665 0.892351 0.0957743 0.185086
6 0.303964 0.9149 0.0910419 0.130074
3 0.196468 0.0611814 0.0753293 0.122363
11 0.934133 0.90117 0.105813 0.117628
1 0.560124 0.0583565 0.0749197 0.116713
0 0.682275 0.0606069 0.0798438 0.121214
