11 0.063557 0.899298 0.111252 0.119025
10 0.438829 0.875615 0.0908991 0.167445
7 0.569637 0.883745 0.0918362 0.180064
11 0.92667 0.894858 0.102744 0.117692
9 0.673988 0.775052 0.0653437 0.106597
3 0.0709035 0.153834 0.0928006 0.158388
9 0.566847 0.774939 0.0613399 0.103974
9 0.33793 0.780008 0.0659471 0.105271
3 0.792243 0.184241 0.0766146 0.159285
3 0.182596 0.155705 0.0764731 0.158535
9 0.953554 0.767603 0.0907074 0.110868
3 0.443837 0.179917 0.0623932 0.153057
3 0.698596 0.193645 0.0717085 0.156408
6 0.669713 0.897527 0.08457 0.130675
9 0.468443 0.744746 0.0654062 0.114835
3 0.681522 0.0634521 0.0821072 0.126904
9 0.200507 0.77688 0.0785873 0.110569
3 0.322309 0.151326 0.0681536 0.16655
3 0.562696 0.166042 0.0652673 0.160807
9 0.788969 0.788459 0.0761089 0.102193
8 0.819442 0.911296 0.080762 0.112325
3 0.928578 0.183641 0.0892082 0.158719
2 0.831178 0.0525082 0.102183 0.104501
7 0.305478 0.908088 0.0892224 0.128451
2 0.437022 0.0512986 0.0763099 0.102597
9 0.0461795 0.766584 0.0915885 0.105716
8 0.191229 0.906283 0.097733 0.106384
2 0.0706635 0.0460867 0.0922082 0.0917995
8 0.196293 0.0656122 0.0895977 0.129665
1 0.558522 0.0625156 0.075629 0.125031
