11 0.0879298 0.879352 0.105737 0.112839
8 0.809888 0.879833 0.0883697 0.122774
7 0.565353 0.862989 0.0874302 0.171807
10 0.443353 0.855999 0.0868263 0.156334
3 0.676157 0.0725053 0.0881794 0.145011
3 0.688064 0.209597 0.0695013 0.146644
9 0.216702 0.764282 0.0740895 0.107576
9 0.774134 0.774964 0.07235 0.0981693
3 0.198601 0.174124 0.0717887 0.151249
3 0.777579 0.199741 0.0724666 0.149269
9 0.664109 0.762462 0.0636257 0.0994917
9 0.93119 0.752503 0.0900944 0.104906
9 0.562687 0.761222 0.0592947 0.0976616
3 0.905456 0.199978 0.0864912 0.150426
3 0.0933229 0.172628 0.0893265 0.151031
9 0.346476 0.7658 0.063445 0.0987144
3 0.446902 0.196052 0.0587269 0.147601
6 0.662708 0.877015 0.0808901 0.122868
3 0.331604 0.169231 0.0651889 0.159108
3 0.55909 0.18371 0.0601751 0.152862
8 0.207429 0.885345 0.0910994 0.0986282
9 0.469794 0.731551 0.0606745 0.106461
2 0.814695 0.0666665 0.096994 0.133333
9 0.0681598 0.753179 0.0893118 0.099869
11 0.90437 0.874615 0.0978752 0.111746
3 0.341032 0.0651587 0.0699281 0.130317
2 0.440711 0.0611344 0.0717397 0.122126
3 0.869901 0.0725552 0.096479 0.14511
3 0.0887726 0.0560041 0.0941559 0.112008
2 0.555822 0.0700567 0.071991 0.139407
