8 0.216899 0.869769 0.089626 0.0948433
10 0.444739 0.842974 0.0807331 0.151391
10 0.656117 0.862678 0.0795737 0.116306
11 0.102763 0.865854 0.0994152 0.107932
3 0.890135 0.210443 0.0816673 0.143796
8 0.798496 0.865279 0.0859852 0.117409
3 0.109615 0.18486 0.0806728 0.143012
3 0.448951 0.20726 0.0574423 0.141722
3 0.681255 0.216998 0.068016 0.139667
3 0.766852 0.211229 0.0719276 0.143118
9 0.561282 0.752904 0.0582571 0.094755
3 0.209577 0.186179 0.0663971 0.14696
9 0.763935 0.764315 0.0711243 0.0929685
9 0.659354 0.750046 0.061377 0.0952004
9 0.0840731 0.743429 0.0855385 0.0962754
9 0.470139 0.724053 0.0569087 0.099571
3 0.338057 0.181163 0.0611502 0.150445
3 0.557935 0.19514 0.0612179 0.147924
9 0.350608 0.756306 0.0604924 0.0944099
9 0.227995 0.754839 0.072279 0.101807
4 0.346758 0.0723756 0.0688202 0.142995
9 0.91439 0.743184 0.0861719 0.0994373
2 0.803839 0.075197 0.0935662 0.149261
7 0.563478 0.85209 0.0838431 0.166375
0 0.441529 0.0681894 0.0674414 0.136256
4 0.557048 0.076925 0.0763798 0.152299
3 0.10283 0.0648136 0.0906324 0.128732
6 0.322831 0.873394 0.0791155 0.117073
4 0.668107 0.0800252 0.08145 0.157797
5 0.107906 0.0644031 0.0811523 0.128806
3 0.22191 0.0203406 0.0390858 0.0406812
3 0.228816 0.100562 0.0663955 0.125923
