8 0.844066 0.922156 0.0979109 0.139074
10 0.436665 0.894258 0.0947225 0.174492
9 0.804042 0.805193 0.0794497 0.10714
9 0.964824 0.780836 0.0703525 0.118517
9 0.683661 0.790231 0.0696238 0.113273
6 0.680056 0.918249 0.0884829 0.13862
3 0.807542 0.16673 0.0813126 0.163744
3 0.0490409 0.135787 0.0944117 0.16967
7 0.572341 0.904106 0.0968315 0.188708
9 0.570814 0.789865 0.0640446 0.108653
3 0.165533 0.137413 0.0785931 0.16725
3 0.950159 0.1671 0.0937286 0.16613
3 0.710343 0.177204 0.0747355 0.162836
9 0.184803 0.793211 0.0830564 0.119046
11 0.0496614 0.922252 0.0984074 0.12374
9 0.465666 0.75684 0.0677234 0.119107
3 0.439834 0.162464 0.0642379 0.161651
3 0.314755 0.13289 0.0695226 0.175401
3 0.565347 0.149022 0.0715418 0.170695
9 0.328549 0.794885 0.0715953 0.108588
9 0.0353606 0.782712 0.0689403 0.111732
2 0.433413 0.0411599 0.0837191 0.0809049
11 0.947063 0.915077 0.105874 0.122525
2 0.844966 0.0478547 0.100369 0.0937392
5 0.0543594 0.0355778 0.0833235 0.0711556
2 0.183699 0.0545695 0.0875133 0.109139
8 0.175435 0.92788 0.102306 0.11164
9 0.29649 0.929767 0.0931336 0.13441
2 0.563132 0.0508695 0.0809568 0.101739
