10 0.444831 0.576482 0.0779631 0.0998307
9 0.242825 0.523292 0.0637127 0.0621725
6 0.648746 0.582713 0.0740565 0.0826159
9 0.874506 0.502564 0.0704702 0.0635887
9 0.739326 0.519198 0.0602719 0.0588141
9 0.551394 0.51474 0.0536512 0.0602286
8 0.789755 0.58379 0.0787777 0.0812463
9 0.64195 0.513925 0.0556599 0.061713
3 0.621326 0.250245 0.0476899 0.0532298
8 0.223017 0.597938 0.0832877 0.0634767
9 0.112363 0.517628 0.0720202 0.0601935
3 0.526703 0.245275 0.0410676 0.0585122
9 0.357467 0.521722 0.0558893 0.0607266
11 0.112013 0.596435 0.0911027 0.073151
9 0.467543 0.500396 0.0547692 0.0633707
3 0.775375 0.246365 0.0534887 0.0591268
3 0.445588 0.251344 0.0423115 0.0567895
3 0.271086 0.246056 0.0458191 0.0579208
4 0.440767 0.168543 0.0550308 0.111626
3 0.683845 0.248287 0.0454595 0.057292
9 0.326254 0.597378 0.0756574 0.0808657
2 0.285237 0.20296 0.0554717 0.0722032
