4 0.558144 0.237365 0.0888645 0.211879
0 0.677122 0.222359 0.119965 0.294131
10 0.807475 0.842329 0.116274 0.31288
10 0.310422 0.581654 0.122644 0.278954
9 0.0503537 0.693472 0.0549363 0.0942682
4 0.937872 0.116077 0.0900692 0.205884
9 0.182138 0.557873 0.0561019 0.0974224
10 0.933419 0.750346 0.0905201 0.202498
4 0.188699 0.0804927 0.0738432 0.160781
10 0.0616881 0.85464 0.119377 0.259577
4 0.196593 0.243348 0.085663 0.209884
10 0.189204 0.72269 0.104533 0.262849
0 0.313489 0.219672 0.109436 0.278877
11 0.43468 0.769994 0.0668505 0.109021
10 0.679336 0.5986 0.11261 0.262191
9 0.81122 0.653056 0.0696555 0.121349
10 0.437243 0.604106 0.06889 0.157659
