11 0.0634733 0.899336 0.111206 0.118786
10 0.438962 0.875748 0.0908103 0.167357
8 0.827065 0.900806 0.0940439 0.131611
8 0.190839 0.906074 0.0961622 0.104607
3 0.699373 0.194011 0.0723867 0.154489
6 0.6711 0.896951 0.0863369 0.129974
7 0.569906 0.883799 0.0921726 0.180034
9 0.674168 0.775283 0.065629 0.10578
3 0.182433 0.155496 0.0752449 0.161271
3 0.928077 0.183659 0.0900776 0.157878
9 0.789489 0.789687 0.0763025 0.101535
3 0.792639 0.183856 0.076239 0.15538
9 0.566827 0.774863 0.0613609 0.10389
9 0.337444 0.780392 0.0663558 0.104613
3 0.0707549 0.153279 0.0924403 0.160594
9 0.953229 0.76773 0.0913692 0.109989
9 0.200613 0.778269 0.0773887 0.1126
3 0.44381 0.179881 0.0622163 0.153032
11 0.92709 0.894438 0.10284 0.115225
2 0.82869 0.0569546 0.096886 0.113909
9 0.468516 0.744796 0.0655554 0.114638
3 0.32244 0.151213 0.0674857 0.166473
3 0.562602 0.166111 0.0649664 0.160656
3 0.681881 0.0635111 0.0825239 0.127022
9 0.0461068 0.766496 0.0914021 0.105628
2 0.437042 0.0512976 0.0762135 0.102595
2 0.197522 0.0656575 0.0848488 0.129363
