10 0.436134 0.894834 0.0925531 0.175456
8 0.843249 0.920586 0.0995739 0.137667
8 0.174622 0.928223 0.105297 0.109678
3 0.949683 0.166075 0.0946289 0.168507
11 0.0496403 0.921805 0.098266 0.123845
10 0.679536 0.919542 0.0892396 0.135592
9 0.964117 0.778867 0.0717655 0.12172
5 0.0539316 0.0374272 0.0820255 0.0737285
9 0.184948 0.794363 0.0838028 0.117389
9 0.80377 0.804308 0.080738 0.107807
3 0.0498641 0.135425 0.0919854 0.16771
0 0.432023 0.0404764 0.0796639 0.0809527
9 0.683314 0.789432 0.0689924 0.112654
3 0.808058 0.167895 0.0843182 0.163588
9 0.570443 0.789949 0.0647949 0.110209
3 0.710782 0.174389 0.0788745 0.164815
9 0.464877 0.757703 0.0665683 0.118125
9 0.328865 0.794782 0.0704625 0.110436
3 0.440474 0.162223 0.0658782 0.162935
3 0.165595 0.137497 0.0765876 0.167795
3 0.313442 0.132582 0.0705793 0.173984
0 0.32522 0.0456246 0.0718487 0.09113
3 0.565537 0.148329 0.0712535 0.171304
9 0.0352132 0.782588 0.0687279 0.106883
2 0.847098 0.0488693 0.100934 0.0977385
0 0.687323 0.0540107 0.077816 0.108021
9 0.296558 0.930053 0.0927432 0.132196
2 0.182889 0.0498343 0.082823 0.0996687
7 0.572053 0.905011 0.0963608 0.186186
11 0.946665 0.915153 0.10667 0.122223
1 0.562041 0.0519971 0.0775717 0.103994
6 0.679441 0.918243 0.0868696 0.135656
6 0.296948 0.928651 0.0914602 0.133098
