0 0.263885 0.0605134 0.213411 0.121027
0 0.659147 0.0581478 0.154383 0.116296
0 0.507854 0.0505937 0.220799 0.0992669
0 0.882311 0.0565342 0.113572 0.113068
10 0.544677 0.826835 0.11798 0.0955017
10 0.473924 0.974437 0.162883 0.0508897
9 0.542579 0.969521 0.0523667 0.0609579
10 0.661094 0.822928 0.105654 0.0850094
0 0.411485 0.453973 0.126575 0.065875
10 0.612758 0.973556 0.144911 0.0526143
10 0.0504948 0.880528 0.0995217 0.238944
11 0.92173 0.971046 0.108807 0.0576681
9 0.558627 0.959052 0.0776025 0.0810628
