11 0.102699 0.926661 0.100639 0.113308
10 0.655532 0.923696 0.0788594 0.12496
8 0.217456 0.931274 0.088648 0.101864
8 0.798358 0.925639 0.0862194 0.127101
10 0.444771 0.901235 0.0820959 0.163187
3 0.890421 0.222432 0.081757 0.155654
4 0.667345 0.0833913 0.0802175 0.16427
9 0.76395 0.817414 0.0713469 0.0988735
9 0.561333 0.806964 0.0581264 0.107959
3 0.109175 0.193897 0.0819505 0.154545
3 0.681577 0.230505 0.0681456 0.152031
9 0.0839935 0.79476 0.0862601 0.101778
9 0.659195 0.80308 0.0613062 0.10189
3 0.449536 0.218281 0.0580578 0.152291
9 0.470527 0.775002 0.0589148 0.107979
3 0.209866 0.195829 0.0657667 0.155853
9 0.350754 0.808265 0.0605427 0.100615
3 0.766904 0.222102 0.0716926 0.153838
3 0.337634 0.18965 0.0608337 0.161764
9 0.227898 0.807562 0.071991 0.108211
3 0.55841 0.205141 0.0624834 0.158611
9 0.914475 0.794878 0.08661 0.105877
7 0.563174 0.909486 0.084684 0.176037
4 0.346794 0.0779724 0.0658654 0.153956
2 0.803382 0.0781469 0.0928784 0.156294
0 0.441218 0.0709831 0.0672796 0.141195
3 0.228897 0.101858 0.0661393 0.133571
3 0.102925 0.0662525 0.0895831 0.131895
6 0.322896 0.933643 0.0794112 0.123726
4 0.556513 0.0798012 0.0746476 0.15785
5 0.106154 0.0661151 0.083608 0.13223
3 0.961065 0.251936 0.0213153 0.0383377
11 0.0322169 0.118762 0.0242554 0.0363733
11 0.958544 0.130398 0.02645 0.0380701
