10 0.436421 0.894761 0.0927608 0.175017
8 0.843676 0.920916 0.0991135 0.137576
11 0.0495856 0.921674 0.0979882 0.123204
8 0.174504 0.928006 0.105662 0.109313
3 0.949901 0.166502 0.0950638 0.168583
3 0.710886 0.176019 0.0796715 0.165507
9 0.964288 0.779337 0.0714233 0.120508
5 0.0543002 0.0357034 0.0812277 0.0714068
9 0.804253 0.804894 0.0808201 0.107475
9 0.184957 0.794477 0.0843766 0.117459
3 0.0502564 0.135343 0.0911983 0.167659
9 0.683241 0.789809 0.069911 0.112242
0 0.432215 0.040713 0.0794867 0.0814261
9 0.465227 0.758276 0.0670822 0.115382
3 0.808215 0.168186 0.0847332 0.163446
3 0.441025 0.162546 0.0661821 0.162987
9 0.571024 0.792098 0.0652759 0.109911
3 0.165861 0.13785 0.0763132 0.167685
9 0.328719 0.79438 0.0700949 0.11032
3 0.566354 0.148535 0.072608 0.170634
3 0.313701 0.132603 0.0701072 0.17356
9 0.0353302 0.782912 0.0689548 0.106844
2 0.84692 0.0498295 0.100018 0.0973244
0 0.325512 0.0477088 0.0711738 0.0937511
0 0.686267 0.0541464 0.0772949 0.108293
6 0.679591 0.918196 0.0877068 0.136024
7 0.572252 0.90436 0.0972112 0.187903
10 0.67927 0.918722 0.0889314 0.138595
11 0.947282 0.914524 0.105436 0.12283
6 0.296958 0.928629 0.0901937 0.134502
2 0.183571 0.0543449 0.0845796 0.10869
1 0.562258 0.0523059 0.0772709 0.104612
3 0.900423 0.0445734 0.081081 0.0891467
