10 0.43751 0.89664 0.0898396 0.17172
11 0.0563492 0.922496 0.110464 0.121624
8 0.832404 0.922398 0.0957939 0.13442
8 0.185157 0.928951 0.0997712 0.107642
3 0.935105 0.180101 0.0916877 0.165279
3 0.702776 0.189886 0.0761226 0.158809
0 0.43382 0.0476234 0.0758887 0.0952467
9 0.956906 0.783769 0.0861873 0.113322
9 0.334827 0.798974 0.0676409 0.10729
9 0.6774 0.792167 0.0679286 0.109582
3 0.0646994 0.150703 0.0894094 0.163693
9 0.195638 0.797015 0.0806463 0.116665
9 0.568333 0.794585 0.0611787 0.110191
9 0.793633 0.807571 0.0779071 0.104235
5 0.0686328 0.0430153 0.0791637 0.084863
9 0.466946 0.762783 0.0667477 0.113904
10 0.672165 0.920148 0.0853671 0.133318
9 0.0420965 0.784096 0.0839737 0.108797
3 0.798665 0.18112 0.0790137 0.161341
3 0.443807 0.175872 0.0647434 0.161217
3 0.177186 0.152172 0.0756814 0.165055
3 0.564566 0.162659 0.0701187 0.167123
3 0.318883 0.146893 0.0691178 0.172191
2 0.834838 0.0557955 0.0965763 0.111591
7 0.57005 0.905522 0.0953564 0.185097
0 0.33054 0.0511668 0.0708335 0.100361
4 0.683182 0.0615674 0.0828306 0.123066
6 0.303467 0.929446 0.0876244 0.132457
11 0.933652 0.917146 0.103817 0.120064
0 0.68228 0.061705 0.0798676 0.12341
3 0.197666 0.0628122 0.0729496 0.125624
